0.19423680392934142 0.05655868198012945 197.70430989583755 0.3972401242068941 0.6302698820401417 0.6302698820401417 0.6171152148036483 0.8513773355042156 0.8513773355042156 0.7830363011385302 0.2214249693331587 0.0038977884836155084 0.0027889541716917196 4.440698652931329E-6 6.26445726378744E-4 8.052068095399514E-6
0.21183897283231448 0.049117821678838595 200.20999999999978 0.5419872929077735 0.736197862607447 0.736197862607447 0.8082874712284169 0.9315123468996467 0.9315123468996467 0.7844905211622424 0.2286803736446973 0.0303558657895948 0.018444024279939904 8.052851083346282E-5 0.002128315656745893 4.2892627143769485E-4
0.2276837027238896 0.14319566575517384 212.36690104166402 0.43375063573906336 0.6585974762622944 0.6585974762622944 0.6594037988027627 0.8703965245807754 0.8703965245807754 0.7097348298074784 0.16575651885787868 0.012585257392051739 7.625331380021973E-4 2.1607133532181584E-6 3.098798286790191E-4 -9.546570506142857E-7
0.19722049633464706 0.16042610949533234 207.70644531249928 0.3905179631312333 0.6249143646382546 0.6249143646382546 0.6387468338858225 0.861211036711789 0.861211036711789 0.5587306898416637 0.0830604487281151 0.027346789743032316 0.014457318426829104 2.6979555001921114E-4 0.0036180769971984094 9.922912427149555E-5
0.39638997486522265 0.05024569797301866 182.5578385416683 0.838801100126678 0.9158608519456861 0.9158608519456861 1.1125195782548867 1.0361816273487328 1.0361816273487328 0.9049479922955805 0.22233357798293085 0.030717497372234386 0.0012109469969266312 -4.619171926946629E-6 -5.617615605128682E-4 5.762728551625844E-6
0.18825523858906712 0.08053120356162234 202.30565104166683 0.3655552259166773 0.604611632303479 0.604611632303479 0.5717472850861203 0.8299807829712028 0.8299807829712028 0.6411658032648628 0.1605799590650595 0.01272433305859598 0.0031305960382868024 9.445429251330939E-6 7.48795218218757E-4 1.7354813205195528E-5
0.24412557466165785 0.021166171198660152 192.69843750000186 0.5803468630757856 0.7618050033150121 0.7618050033150121 0.8716519144186234 0.9552440973647596 0.9552440973647596 0.6872763587075368 0.19033664343905737 0.0016953789726302957 0.0055721038621193 -9.060920931064887E-7 0.002277350604964306 -1.7102260956571967E-5
0.9794450507185201 0.025494541665329818 220.25376302083674 1.0770020221870735 1.0377870794084274 1.0377870794084274 0.7005899005115219 0.8881533483914714 0.8881533483914714 0.7701235817910783 0.18470413053672277 0.015410147005631624 0.00396212675080152 1.4903486876845468E-5 6.044129901502457E-4 2.7136424719266198E-5
0.9794450507185201 0.025494541665329818 220.25376302083674 1.0770020221870735 1.0377870794084274 1.0377870794084274 0.7005899005115219 0.8881533483914714 0.8881533483914714 0.7701235817910783 0.18470413053672277 0.015410147005631624 0.00396212675080152 1.4903486876845468E-5 6.044129901502457E-4 2.7136424719266198E-5
0.31088919479809746 0.042415539642333154 203.78710937499335 0.5127678133942029 0.7160780777221174 0.7160780777221174 0.7397451103784236 0.9044003069478435 0.9044003069478435 0.8167611805463366 0.23806214824066002 0.04702205845442866 0.036018131951822956 0.0014735404598257113 0.017261004073865466 -1.6079881155820952E-4
0.31088919479809746 0.042415539642333154 203.78710937499335 0.5127678133942029 0.7160780777221174 0.7160780777221174 0.7397451103784236 0.9044003069478435 0.9044003069478435 0.8167611805463366 0.23806214824066002 0.04702205845442866 0.036018131951822956 0.0014735404598257113 0.017261004073865466 -1.6079881155820952E-4
0.5307673120553071 0.012284271898029218 184.58339843749377 0.9855512119926565 0.9927493198147539 0.9927493198147539 1.115925696667505 1.0372380167210122 1.0372380167210122 0.542947247026486 0.12864246764018958 0.0013364176028380595 4.461583648877814E-5 -1.0896450988032396E-10 1.2078395094924264E-5 -1.0893888592921513E-8
0.5303283777710405 0.0345560812138736 199.97933593750275 0.8283134664952344 0.9101172817254018 0.9101172817254018 0.8415482265562767 0.9441181275123705 0.9441181275123705 0.7496692934107168 0.25630925471121324 0.005579150482839435 0.011264531438161224 8.842538326261456E-5 0.00294401469277677 1.2470973473024495E-5
0.5303283777710405 0.0345560812138736 199.97933593750275 0.8283134664952344 0.9101172817254018 0.9101172817254018 0.8415482265562767 0.9441181275123705 0.9441181275123705 0.7496692934107168 0.25630925471121324 0.005579150482839435 0.011264531438161224 8.842538326261456E-5 0.00294401469277677 1.2470973473024495E-5
0.6382217630921029 0.07031050521936723 198.45123697916824 1.1067273678840832 1.0520111063501578 1.0520111063501578 1.2001308775879507 1.0626972006088566 1.0626972006088566 0.8727448526715837 0.23771476086561394 0.021072681864081812 1.314293546160729E-4 -1.989214958424181E-7 6.202437207328772E-5 -9.094434343946118E-8
0.6382217630921029 0.07031050521936723 198.45123697916824 1.1067273678840832 1.0520111063501578 1.0520111063501578 1.2001308775879507 1.0626972006088566 1.0626972006088566 0.8727448526715837 0.23771476086561394 0.021072681864081812 1.314293546160729E-4 -1.989214958424181E-7 6.202437207328772E-5 -9.094434343946118E-8
0.18085623527323588 0.07276458098709564 206.07019531250134 0.36979916671191154 0.6081111466762565 0.6081111466762565 0.5917016517344076 0.8395262122847067 0.8395262122847067 0.32777210939701207 0.04401702761609728 4.2737291033334665E-4 3.485594650596387E-4 1.0009603499204404E-7 2.849683099651911E-5 8.98836885768879E-8
0.18085623527323588 0.07276458098709564 206.07019531250134 0.36979916671191154 0.6081111466762565 0.6081111466762565 0.5917016517344076 0.8395262122847067 0.8395262122847067 0.32777210939701207 0.04401702761609728 4.2737291033334665E-4 3.485594650596387E-4 1.0009603499204404E-7 2.849683099651911E-5 8.98836885768879E-8
0.2668503485390321 0.040882026027729744 197.60291666667027 0.6824783543644503 0.8261224814544452 0.8261224814544452 0.9666671281605981 0.9887632511292691 0.9887632511292691 0.8281407249575787 0.23312176392492173 0.03048630563490528 0.0036948697552334907 3.0457570408093714E-5 0.0014797490873751204 -2.470110741886791E-5
0.2668503485390321 0.040882026027729744 197.60291666667027 0.6824783543644503 0.8261224814544452 0.8261224814544452 0.9666671281605981 0.9887632511292691 0.9887632511292691 0.8281407249575787 0.23312176392492173 0.03048630563490528 0.0036948697552334907 3.0457570408093714E-5 0.0014797490873751204 -2.470110741886791E-5
0.11632309716637909 0.008913089353081634 219.98872395833274 0.4224795842984005 0.649984295424436 0.649984295424436 0.6550690691426734 0.8684850851081805 0.8684850851081805 0.7972586187122768 0.33887760365357483 0.011411855865505121 0.0018804782166970016 -3.327670912828528E-6 9.685812531270491E-5 -8.050622672913469E-6
0.11632309716637909 0.008913089353081634 219.98872395833274 0.4224795842984005 0.649984295424436 0.649984295424436 0.6550690691426734 0.8684850851081805 0.8684850851081805 0.7972586187122768 0.33887760365357483 0.011411855865505121 0.0018804782166970016 -3.327670912828528E-6 9.685812531270491E-5 -8.050622672913469E-6
0.5307673120553071 0.012284271898029218 184.58339843749377 0.9855512119926565 0.9927493198147539 0.9927493198147539 1.115925696667505 1.0372380167210122 1.0372380167210122 0.542947247026486 0.12864246764018958 0.0013364176028380595 4.461583648877814E-5 -1.0896450988032396E-10 1.2078395094924264E-5 -1.0893888592921513E-8
0.5841103015300699 0.08457119305801725 212.46261718749992 1.094861898548993 1.0463564873163416 1.0463564873163416 1.2535322185287978 1.0782310486660946 1.0782310486660946 0.5675455116764488 0.14405790429259696 9.525927697353941E-4 0.001522419033943414 1.702117850905545E-6 3.3094450215140022E-6 6.812599383557683E-7
0.5841103015300699 0.08457119305801725 212.46261718749992 1.094861898548993 1.0463564873163416 1.0463564873163416 1.2535322185287978 1.0782310486660946 1.0782310486660946 0.5675455116764488 0.14405790429259696 9.525927697353941E-4 0.001522419033943414 1.702117850905545E-6 3.3094450215140022E-6 6.812599383557683E-7
0.200572147423361 0.16346901805781522 191.66783854166638 0.3852631871456596 0.6206957283127214 0.6206957283127214 0.632682954803876 0.8584770933317519 0.8584770933317519 0.6610760036046659 0.07962915977220916 0.01804566182564158 0.0029007413595528177 9.299639703989567E-6 6.409994107543538E-4 -1.8814089641696687E-5
0.200572147423361 0.16346901805781522 191.66783854166638 0.3852631871456596 0.6206957283127214 0.6206957283127214 0.632682954803876 0.8584770933317519 0.8584770933317519 0.6610760036046659 0.07962915977220916 0.01804566182564158 0.0029007413595528177 9.299639703989567E-6 6.409994107543538E-4 -1.8814089641696687E-5
0.5783668753499586 0.05839158177043102 186.32111979166285 0.8921145978791866 0.9445181829267166 0.9445181829267166 0.9121766096013924 0.9698241115176488 0.9698241115176488 1.1170648734308914 0.49863718817836933 0.1288558582353599 0.06505572480508336 0.005839591242544705 0.04332008898278922 -0.0011735862397736219
0.5783668753499586 0.05839158177043102 186.32111979166285 0.8921145978791866 0.9445181829267166 0.9445181829267166 0.9121766096013924 0.9698241115176488 0.9698241115176488 1.1170648734308914 0.49863718817836933 0.1288558582353599 0.06505572480508336 0.005839591242544705 0.04332008898278922 -0.0011735862397736219
0.6169793538151862 0.1189062837670536 206.98292968750272 1.0632094089916138 1.031120462890546 1.031120462890546 1.1891579062620974 1.059448480823079 1.059448480823079 0.6776026331342397 0.17931026834719538 0.017717595265801234 0.0015671903671398266 6.4711792423674995E-6 6.260339879663567E-4 -5.130456876927324E-6
0.8723628042799713 0.04701078026410329 177.7079947916596 1.1853160546133907 1.0887222118673756 1.0887222118673756 1.069950885564167 1.0227934720931564 1.0227934720931564 0.9719290423427525 0.3301509297633778 0.014991338616618183 0.0015796061306714941 7.538594720158571E-6 -2.7482704375229107E-4 1.5019642225740912E-6
0.9698640938826147 0.032034955923420184 165.14204427082402 1.165324977101981 1.0795021894845702 1.0795021894845702 0.9384368590480285 0.9790428176811404 0.9790428176811404 0.559487133026317 0.060211668763002046 0.006639599489969137 0.0030746362172860745 8.195637916259698E-6 7.489579822647504E-4 1.1216787272232253E-5
0.16951022370047994 0.07998412432851987 207.12657552083377 0.31518848949242306 0.5614165026897794 0.5614165026897794 0.5116425872243072 0.7998138041799179 0.7998138041799179 0.7056984026295334 0.18474877872836645 0.01069424979255917 6.536777107754396E-4 -1.5662983544027725E-6 -1.244745692530211E-4 -7.305830778903082E-7
0.3240809469366871 0.037246312189551906 198.72026041667286 0.6284788588414599 0.7927665853461913 0.7927665853461913 0.9055747449448445 0.9674787483423101 0.9674787483423101 0.8599492833117311 0.2370975645794917 0.10000243533492488 0.020581168240051358 6.448251070121197E-4 0.008432705572017198 6.752837696601963E-4
0.3161453841696517 0.024344601438496642 194.2991145833321 0.6033162154971347 0.7767343274872913 0.7767343274872913 0.7575798988005765 0.9116108403969871 0.9116108403969871 0.9898782988058608 0.31225296387550766 0.01620487330171787 0.0051386055353104115 -1.5511201589681482E-5 0.0025136386634030993 4.425134033566241E-5
0.6239388250974549 0.14709009265009407 215.92088541666777 0.8943480115071439 0.945699747016538 0.945699747016538 0.8780127702018994 0.9575620904553269 0.9575620904553269 0.5212771489939491 0.1187777905121096 0.00895195749256768 0.0024051349015041215 9.136335136104584E-6 6.603041558635266E-4 6.408998233921484E-6
0.5154129982025681 0.03686980025202247 204.35545572917036 0.7690386840499305 0.8769485070686479 0.8769485070686479 0.8341525278242656 0.9413442845068102 0.9413442845068102 0.5969198170025549 0.11489004906651855 0.013029521244873315 0.010167604752401761 1.1454969129753184E-4 0.0025377410086517707 -2.3959846113079894E-5
0.6348383331905998 0.15666546112383442 223.32398437499964 0.8310687849422099 0.9116297411461574 0.9116297411461574 0.7261993624999632 0.8988459952155423 0.8988459952155423 0.43519721208416495 0.06675938802190612 0.004136608984784254 8.641838374675941E-4 1.290631410839359E-6 1.3239614055021007E-4 1.001984627412983E-6
0.3878462332123794 0.017850189507070933 191.371289062501 0.8892081696533495 0.942978350575107 0.942978350575107 1.1437199762396049 1.045778965222184 1.045778965222184 1.0528479229367749 0.4061912634581847 0.09046833199049316 0.010100150797080617 -1.881149658077335E-4 -0.0014768350688185018 -2.4047151097617643E-4
0.20816650313109086 0.13355383273210203 197.44897135417278 0.39695399992962327 0.6300428556293796 0.6300428556293796 0.6125068636608225 0.8492527983329403 0.8492527983329403 0.8427527096510767 0.2586080450300562 0.038051208532962684 0.005170044403268635 -2.3348701534427772E-5 -1.0168190970346875E-4 -6.865282034274121E-5
0.1928540465074072 0.15124113687722873 214.55248697916974 0.42241016892991445 0.6499308955034485 0.6499308955034485 0.6908806683615607 0.8840313780730732 0.8840313780730732 0.9179774620991245 0.3455938639751278 6.443542989293095E-4 3.460741041853768E-4 1.4635584528991048E-7 1.8521082135336368E-4 7.271446188374869E-8
0.1104813791049095 0.03027853884750142 221.14871093750043 0.29528202945262255 0.5433985916917917 0.5433985916917917 0.5131457267427882 0.80059628811871 0.80059628811871 0.5623969818610455 0.13538846510142255 0.01369469661319989 7.318482370062829E-4 -3.0220893398788875E-7 1.1977435733942462E-5 2.2971083685332126E-6
0.6612300495318197 0.03000526004790861 228.46890625000205 0.9340293788532282 0.9664519537220815 0.9664519537220815 0.8513650950124578 0.9477750683702402 0.9477750683702402 0.5795186767776944 0.14124830281430417 0.02121063379187154 0.005995212861432204 4.009412666083004E-5 0.0014659055423418728 5.4433450406605064E-5
0.2014692479636472 0.06003621269787069 205.93910156249746 0.4967943294700304 0.7048363848937074 0.7048363848937074 0.7661601073002531 0.9150395067100042 0.9150395067100042 0.6181489161619136 0.1434938130187588 0.015307857719779409 0.0040761566852410315 3.1633964003217354E-5 0.001527567136611897 -6.002130311338735E-6
0.17594679973956315 0.08511988436342662 202.23829427083277 0.33256768379228635 0.5766868160382084 0.5766868160382084 0.5252679941830642 0.8068515661676787 0.8068515661676787 0.7580960005385206 0.2538403850947651 7.101908277869868E-4 0.0010020886416854061 2.2010374398594446E-7 3.296263501338649E-4 8.162134972570249E-7
0.1394926271961202 0.013353797406712206 179.36022135416846 0.45161661796073044 0.6720242688777917 0.6720242688777917 0.7071173999129746 0.8909031777036656 0.8909031777036656 0.8701431734788015 0.23406635380856866 0.049689854222510474 0.001357230493502296 -8.577462042956905E-6 6.292496884364921E-4 -7.117424749200628E-6
0.9129866386593178 0.011127281560949028 224.91268229168097 1.1187999923959209 1.0577334221796724 1.0577334221796724 0.8846039430168815 0.959952233957609 0.959952233957609 0.6520298024915014 0.12764823551141202 0.014766590074022201 0.008387245855568123 8.324206541281388E-5 0.002907041117716479 4.222758873377568E-5
0.8553073352862852 0.03169533950127695 187.66372395834318 1.0392277329167061 1.019425197313028 1.019425197313028 0.8182293067548497 0.9353159566869729 0.9353159566869729 0.7376747554018788 0.19042549854357113 0.01283547932836276 0.004943954696601267 3.694323131137495E-5 0.00214380305087024 1.3648532887616799E-5
0.09360124792742046 0.0014374658883676602 213.03149739583404 0.42263572259679266 0.6501043936144353 0.6501043936144353 0.7266751129633927 0.8990422374928406 0.8990422374928406 0.6583462254937043 0.009699983378667097 0.13422733232103698 0.018375077671917792 3.633027531068008E-4 0.0011193657149512362 8.371306361435444E-4
0.24479349400833786 0.0316023687572293 225.97901041666665 0.4500906295786746 0.67088794114865 0.67088794114865 0.619341965574635 0.8524001209999846 0.8524001209999846 0.863500341970161 0.35473275075789806 0.022970184237810394 0.0011329649182513766 3.087832303128023E-6 5.539897439361755E-4 4.885742058604774E-6
0.3290165409133338 0.04292193653428002 227.95162760416468 0.5939717703209882 0.7706956405228904 0.7706956405228904 0.7257932215285365 0.8986783983264326 0.8986783983264326 0.755640483368931 0.19321169156954227 0.04007590444038676 0.011538468434740592 2.2986195450910458E-4 0.004780309362419202 9.342175273161087E-5
0.4073154038157854 0.009437499917024687 225.8509375 0.7807484377343901 0.8835997044671247 0.8835997044671247 0.9390888924160045 0.9792695140890534 0.9792695140890534 1.1177221935754007 0.5834886585063271 0.11294465479845925 0.03710643054311092 0.0023966240319261986 0.02803339585748467 1.6337154355133658E-4
0.5001936510624748 0.03067380901715487 188.02157552083855 0.6794587124889616 0.824292856022034 0.824292856022034 0.6685525096185634 0.8744034070345983 0.8744034070345983 1.2914120071099828 0.7375686257579618 0.049644383519596394 0.010152399338933357 2.6260474744739884E-5 0.004437490330934813 2.2640509850730314E-4
0.9282771601331938 0.023516988654383845 176.80268229165955 1.2270341913136826 1.107715753843775 1.107715753843775 1.08221713732968 1.0266871717281334 1.0266871717281334 0.7737129888602716 0.228674198290448 0.0013001333961382019 0.006906845181008598 -7.654151329559953E-6 0.002786674228134561 -1.9229973673839887E-5
0.1379634613967991 0.05660703892507982 214.49990885416707 0.346607979512748 0.5887342180583256 0.5887342180583256 0.5885662818067999 0.83804072926045 0.83804072926045 0.7541771845304068 0.2212994307601494 0.014827428464516944 0.0020155465399778463 1.0743098451863771E-5 8.690136476847154E-4 2.4480612492882252E-6
0.8891920228842305 0.12871075672406782 215.21792968749844 1.2620207915800443 1.1233969875249106 1.1233969875249106 1.176390362246065 1.055643195381514 1.055643195381514 1.5335556408027624 1.2835969058201986 0.04255859337246532 0.010149275312525956 -1.7776951992570733E-5 -4.196954316971948E-5 2.101833705544517E-4
0.5441930472159329 0.06602452292482475 225.9478385416664 0.8282057850476251 0.9100581217964187 0.9100581217964187 0.8317894642433673 0.9404545350579011 0.9404545350579011 0.546756088955121 0.12307866846843556 0.021329955521610537 0.004705399924835139 3.850047205641716E-5 0.001251685084518786 2.720101809825555E-5
0.10837936087350228 0.009020352015755115 198.38381510417116 0.2552911789175562 0.5052634747511008 0.5052634747511008 0.39958617496539517 0.7365521213096858 0.7365521213096858 0.49239482746391916 0.11685976243694596 0.0018251920114904904 4.559014708167607E-4 -3.0519577921880036E-7 1.5178076949876705E-4 2.824994226119892E-7
0.33262283706359896 0.026791617417643087 221.59326822916205 0.656128031603656 0.81001730327423 0.81001730327423 0.7868718007190624 0.9232117584693247 0.9232117584693247 0.757583141997723 0.2257818667798101 0.017596551391744722 0.00484844916308551 3.7740347453710986E-5 0.001986379068364174 -2.41086750963578E-5
0.28749538331609653 0.01789377979468979 221.85105468750058 0.6584962526271196 0.811477820169547 0.811477820169547 0.8738338950897307 0.9560405113643212 0.9560405113643212 0.4389625883721128 0.08620055142381182 2.68935412129062E-4 1.4983321400412872E-4 4.827152783524607E-9 1.7516158568737347E-5 2.96872243164337E-8
0.5742854578829515 0.03635918745529988 204.7393880208336 0.8057093739703615 0.8976131538532407 0.8976131538532407 0.7740071311366029 0.9181528514633341 0.9181528514633341 0.5676967903489506 0.09321765739377008 0.011782021719856674 0.003032812446155512 1.778396691634903E-5 9.258769657620074E-4 3.5210520942815005E-6
0.40052166672017636 0.07061132283269711 212.49694010416536 0.6908095279203673 0.8311495219997226 0.8311495219997226 0.7854526228121327 0.922656398964362 0.922656398964362 0.8340466634151348 0.3401832465339463 0.045733655982556534 0.017536568476817758 4.93938153280076E-4 0.009648453233388626 5.165900778513906E-5
1.1821258257891507 0.020738441352044373 204.07441406250408 0.7679022210155332 0.8763003029872426 0.8763003029872426 -0.5572458278655812 -0.8229035613435297 -0.8229035613435297 0.6496369046377032 0.16012940567178185 5.409418006050123E-4 4.917269586189826E-4 2.0894672568980882E-7 1.3575007591384576E-4 -1.437281978832938E-7
0.5224246619610371 0.04447692895164513 183.38447916666735 0.9944458229626136 0.9972190446249077 0.9972190446249077 1.1684547455894096 1.0532641417246982 1.0532641417246982 1.5920919152618216 0.9988316983823224 0.04426762640877041 0.020129904909619373 2.1480616655366819E-4 -0.015751429219606435 5.611995538690201E-4
0.42020329502706183 0.011659183738379049 239.8667317708335 0.8208185717796133 0.9059903817257737 0.9059903817257737 0.9398157180811245 0.9795220903447246 0.9795220903447246 0.45430472155918994 0.07957774268360474 0.013535385654268803 0.0013817333121267463 3.018311598927087E-6 1.798054233832567E-4 5.15712800149944E-6
0.5349218951637025 0.021669397252725972 204.60518229166536 0.9194564848524168 0.9588829359480837 0.9588829359480837 0.980244809677989 0.9933710912245667 0.9933710912245667 0.5696371207312817 0.10608346698407353 0.02852980252243315 0.003238820798800888 6.916207939526373E-6 3.880669116120582E-4 3.0355707777967674E-5
0.36579573261719356 0.03238120448876086 181.89899739583632 0.6000070711172144 0.7746012336145705 0.7746012336145705 0.6948927756691439 0.8857393358636816 0.8857393358636816 1.684001886486379 1.4843206160758569 0.43458151645410636 0.889916439771921 0.5523596895099907 1.0787576272237018 0.034336369362634456
0.633030778375112 0.04306814304794765 192.32886718749936 0.8454228069019133 0.919468763418265 0.919468763418265 0.7695267217462883 0.9163778188120337 0.9163778188120337 0.7662319552647001 0.216832883199393 0.01295901191613277 0.004185071575016643 1.8602927264024362E-5 0.0014191372061086117 -2.457309381823373E-5
0.7164774378228046 0.02547665792460664 195.8309244791746 0.9403248454180283 0.9697034832452797 0.9697034832452797 0.7955958724007854 0.9266111186334659 0.9266111186334659 1.3917780159383382 0.7280809373271477 0.11021788266320622 0.005861154675223966 9.600684380434165E-5 -0.003900403659828881 -1.1390763803546645E-4
0.6434207232651112 0.011005328313185996 218.9614192708342 1.003739420347196 1.001867965525995 1.001867965525995 1.007469916225885 1.0024837977164747 1.0024837977164747 0.44423227885423267 0.07701796017672394 0.0035616451812445007 0.0017786370848601556 3.3211737309873463E-6 4.0024467257939253E-4 3.0017487518732583E-6
0.2874078556757798 0.03287935796582428 215.71169270833164 0.6501120156286191 0.8062952409810064 0.8062952409810064 0.8032182257983339 0.9295609079916725 0.9295609079916725 0.5082840906954043 0.09730418797324722 0.007962383712156358 1.7924844604418451E-4 2.0430801669320076E-7 5.5854725513962815E-5 -6.41531051776102E-8
0.5303674746045995 0.013807177784718903 225.18675781250332 1.0201793312370624 1.01003927212612 1.01003927212612 1.2030491520925664 1.0635578655867148 1.0635578655867148 1.0170020683243626 0.47334836258298646 0.08693642603210731 0.013458217369268622 -1.134073400075964E-4 -0.0029384350265753887 4.461559058929532E-4
0.47438798655113695 0.02910717979407755 218.66588541667002 0.8303028573134024 0.9112095572991991 0.9112095572991991 0.9464718880636566 0.9818291148480991 0.9818291148480991 1.0015172523535907 0.3929094649922218 0.04699576944103806 0.015141178471671003 3.957729206467248E-4 0.009089475242097612 8.059332652975325E-5
0.18444668433717543 0.01182064638028706 234.26532552083697 0.46108698669709364 0.6790338627028063 0.6790338627028063 0.7136149201417333 0.893623622335388 0.893623622335388 0.7847511213196305 0.31031595902533116 0.03548889565264338 0.009340592695072644 1.543500329093936E-4 0.003936222360444829 7.139490697370544E-5
0.295202663135331 0.09514860924129068 181.94054687500247 0.673381149394169 0.820598043742592 0.820598043742592 0.9258275129221777 0.9746380468165801 0.9746380468165801 0.732801023256054 0.23403020326465718 0.002958744467597562 4.229535273965624E-4 4.7121664780258904E-7 -1.0950195859209496E-4 -4.2655190898736416E-8
0.1540090676241533 0.04557258173116377 182.03479166666511 0.4962167667653656 0.7044265517180379 0.7044265517180379 0.8162674425526228 0.9345678243500415 0.9345678243500415 0.9237604098986651 0.3374941828701693 0.01680833874719577 0.0030746447130753467 -1.2284248781939026E-5 4.3361954935053587E-4 1.8375197847051607E-5
0.16662818896122794 0.08858966834968367 219.28216145833335 0.42151658978482354 0.6492430899014817 0.6492430899014817 0.6767481828681987 0.8779619601465225 0.8779619601465225 0.5984141683035922 0.11369275741318471 0.02256575193339515 0.007022399624212588 8.272105716195542E-5 0.0021298071340799213 3.117404203245392E-5
0.4124217662064115 0.08037605010705118 212.3714713541671 0.7395527111684909 0.8599725060538219 0.8599725060538219 0.8538531527828335 0.9486974402609406 0.9486974402609406 0.9593820863870574 0.46600248475881395 0.017851349487544032 0.005718675719149444 5.47634360648688E-5 0.001542819588688862 1.8425873963948304E-5
0.557431730186594 0.005975557073362322 228.21803385416737 1.0180393611987275 1.0089793660916597 1.0089793660916597 1.175543315742301 1.0553897665858496 1.0553897665858496 0.6368426782730182 0.09724604262266803 0.023758784855922404 0.0076039450223889735 8.928819148913244E-5 0.001935512925980768 4.973333875754638E-5
0.2529651829001355 0.043369451057215166 207.17699218750036 0.5450114208530707 0.738248888148889 0.738248888148889 0.7960556886612682 0.9267895965172648 0.9267895965172648 1.1222839031357106 0.5198439502990027 0.044466673900572205 0.002911059388765333 3.1692127396867856E-5 -8.921718001810892E-4 9.620894541249882E-6
0.7584619143111644 0.017903852350049574 192.76924479167485 1.1010140758720781 1.0492921785051474 1.0492921785051474 1.0192473344216595 1.0063750505081903 1.0063750505081903 0.7059462647792991 0.21039517628588933 0.006095327932591311 3.4836106582238616E-4 -3.861657687406207E-7 1.4996074699807216E-4 3.294830526572172E-7
0.586372452199734 0.044834599954927404 221.42993489583566 0.951163967272922 0.975276354308317 0.975276354308317 1.0199960317576569 1.0066214041587926 1.0066214041587926 0.8971433144614808 0.411612689928562 0.009475879074385973 6.299600854995005E-4 1.4685951757685678E-6 4.0170032204630705E-4 -4.6064413669406885E-7
0.7343396714838748 0.013503826569720758 213.4210156249939 0.908167885247538 0.9529784285321142 0.9529784285321142 0.7032412264877784 0.889272319596846 0.889272319596846 1.12495990149761 0.3906799381956188 0.046907122139990126 0.007673188001269264 -1.3688834236237038E-4 -0.003945115716771044 -4.953086453345136E-5
0.192381178694848 0.07482244899388096 216.8754036458322 0.44443761307395696 0.666661543119113 0.666661543119113 0.6981699050204756 0.8871295413537988 0.8871295413537988 0.6235936971745326 0.1627509215290025 0.002263427764765911 9.702781963365048E-4 1.1665917914940283E-6 -8.233528224045329E-5 -8.406015110173568E-7
0.6230541852407246 0.03353607469240687 215.10238281250054 1.0025209765822845 1.0012596948755526 1.0012596948755526 1.076770408477595 1.0249618573084087 1.0249618573084087 0.7145070996473992 0.19760079949577275 0.024698844722108176 0.002168475732645543 8.264750015253955E-6 4.341823128828162E-4 1.3547803136650759E-5
0.6761806313175173 0.01926985318210154 227.73338541666658 1.0779264797114019 1.0382323823265203 1.0382323823265203 1.0961206202938032 1.03106516895025 1.03106516895025 0.7695958336963007 0.198205539096159 0.024737700340863075 0.004909773098544233 -5.8760822429494665E-6 3.078355209856908E-4 -5.3789277561523546E-5
0.16305239152847953 0.05698036426878612 197.02216145833398 0.32741372759413095 0.5722007755972819 0.5722007755972819 0.5401015687561136 0.8143763373372123 0.8143763373372123 0.5974367828232429 0.14383742354839543 0.0058085613005676015 0.00380469968576424 1.7337473463853413E-5 1.2707965715013877E-4 -4.395841213455491E-6
0.4597085433182525 0.1300421512145031 200.12032552083426 0.7172770843922665 0.8469221241603424 0.8469221241603424 0.7451983061808424 0.9066171978200405 0.9066171978200405 0.5804025440873097 0.13921985122161523 9.451131755292846E-4 2.1923080247450316E-4 9.10102821750867E-8 7.942766120090492E-5 -4.093293242997989E-8
0.27528900710775156 0.04717487567055029 221.7583203125024 0.6482989180634416 0.8051701174680054 0.8051701174680054 0.891615607762728 0.9624818622365758 0.9624818622365758 0.8036988739405775 0.2953348263586582 0.024501795670816624 0.0019466225872975152 7.943568865587558E-6 6.423483641437371E-4 1.084597154586928E-5
0.16688401410727416 0.030472304121832015 203.15752604166616 0.4208519552841321 0.648731034623851 0.648731034623851 0.6939619606719322 0.8853436739313258 0.8853436739313258 0.7093722879053284 0.25970388005633005 0.0024883749270173706 0.00468445543114758 -1.8697681492157665E-7 0.002156638029050371 1.599251973084554E-5
