202.9445340553983
206.22083160670533
217.7780740261085
212.75309063733326
190.0185234853922
207.19928375744394
198.73698315421035
227.86299469408024
227.86299469408024
209.79048186627324
209.79048186627324
191.9608844295709
206.94840757813373
206.94840757813373
206.82776965707623
206.82776965707623
210.55318533144546
210.55318533144546
204.2865198598599
204.2865198598599
225.37796964626094
225.37796964626094
191.9608844295709
220.4429513104663
220.4429513104663
196.7704733579986
196.7704733579986
194.4496273700276
194.4496273700276
215.02915072004745
186.42405031270673
172.99496536222827
211.82703062731252
205.3628399291076
200.7031638879867
222.92288026345923
210.88517460541638
229.80079886917994
199.3453709818559
202.90320083855715
220.34254465865348
225.49811203830868
235.5234689035464
211.48589918782298
207.1382519088795
184.95353397403773
232.68139361670424
195.26572641505493
218.19627149475798
231.61430831834315
233.98755587029098
233.59495812830824
195.39108789567112
185.34590680603898
219.47640285748722
225.90212465555848
232.61623697323336
202.25141052202187
227.86997476820133
227.7494100908037
211.23795412475337
219.19958961217404
206.40566314417399
192.85503222074075
246.37923589054486
211.67386712711365
193.03669309420707
199.29325546411985
204.3335620902862
226.16275227261391
221.5708084312059
233.6890484555901
226.19828158610812
239.92559686955568
188.49068288458756
188.10640518900422
224.43396179385897
219.52556710643873
235.8712383356148
213.8331160073556
200.70014113130128
229.31536247642225
221.03090787681614
222.18229411653542
222.8301252285223
235.7392289093956
201.63389562083904
206.40049650785934
228.28213509100644
208.51625114233372
