1.0255464715107943 0.11117061468339343 175.9489322916602 1.1946404912019155 1.092996107587724 1.092996107587724 0.9237738946220512 0.9739168843162526 0.9739168843162526 0.44355120734565723 0.022175814164167557 0.0019349165126281902 6.889145800752423E-5 -2.513379395916496E-8 -8.33440621821224E-6 9.668996177188414E-10
1.4098823838063828 0.05013258877562718 114.41552083333212 1.08101531060649 1.0397188613305473 1.0397188613305473 -0.8428033809900499 -0.9445872728968299 -0.9445872728968299 1.1280768760301596 3.742450792328852E-4 0.08588829156784979 0.13756241789366744 -0.013441194068616682 -0.0026075920286541235 -0.006550917136442779
0.5755550848890687 0.005891682649640618 149.39792968750788 1.015821625062756 1.0078797671660822 1.0078797671660822 1.1287529980208655 1.0411971538436504 1.0411971538436504 0.8050118044128406 0.12220051325662519 0.003926411290075417 0.03195037246658114 2.8236476181831124E-4 0.011022557912742457 -2.198479251703236E-4
0.7348994354733255 0.07344810051803247 184.72584635416231 0.8691823972054942 0.9322995211869918 0.9322995211869918 0.6533934248462555 0.8677439344113649 0.8677439344113649 0.38107280175708974 0.018272689805405855 5.777910858501394E-4 0.0013555104168102522 -6.019411941253554E-7 1.4678456200343943E-4 -1.037655290070747E-6
0.45441586148019686 0.1169452253151675 191.7361328124988 0.7348883270783476 0.8572562785295583 0.8572562785295583 0.7644928431117041 0.9143752762748583 0.9143752762748583 0.6580479735960869 0.031705983027672587 7.654908623450925E-4 0.025196864439605473 -3.2393066304712405E-5 0.003749222018637959 -1.0581244476782031E-4
0.5195803595965176 0.12318278003724678 207.97567708333568 0.7646274889588974 0.8744298079085007 0.8744298079085007 0.7423654049024052 0.9054668917161864 0.9054668917161864 0.6588057766310131 0.02161213601269777 0.013344883534040595 4.452893128415923E-4 -1.0457901765253156E-7 -5.8075177367493795E-5 1.0804279257685022E-6
0.6903335212586693 0.0668352223782211 170.9870833333325 0.9104853461032655 0.9541935579866726 0.9541935579866726 0.8509903118070075 0.9476359732018317 0.9476359732018317 0.310778138022064 0.0037551515849863185 2.49870249538173E-4 2.1645398749153372E-4 2.659003441885803E-8 4.6622132479645955E-6 -4.274339205507222E-8
0.7017381349976028 0.06607266187600914 193.21923177083343 0.8745565538564987 0.9351772847201212 0.9351772847201212 0.7598503192983744 0.9125206127519576 0.9125206127519576 0.5102986782095331 0.06466509183353714 0.0022653274000031787 0.005930531483165477 8.373726855838236E-6 0.0015068262319764358 2.00597006936586E-5
0.6358331566668831 0.07672330802914101 186.86371093750984 0.9295656366367546 0.9641398428841921 0.9641398428841921 0.9086920278678176 0.9685876025165292 0.9685876025165292 0.6515987131631634 0.09563850581690671 0.0051276224705313865 0.0059522021398875375 5.026928548233919E-6 0.0010955055963377137 3.249672437833303E-5
0.8397104744842236 0.36977791292668855 176.37035156250064 0.835173257403734 0.9138781414410425 0.9138781414410425 0.44057279561342727 0.7609203966858243 0.7609203966858243 0.8374511633661278 0.025841949376197774 0.029662497152455277 0.07704903897887655 -9.112456610453877E-4 0.002781971178229983 0.0035689536197152424
0.21151968257436995 0.0018599215419083269 238.50604166667142 0.5866525680468082 0.7659324826946616 0.7659324826946616 0.7920427561317529 0.9252296507494993 0.9252296507494993 1.3162221096014015 1.4001254445397842 0.4218333978394959 0.20946755719028665 0.06225326170447388 0.24778473085063754 -0.0012210304981046536
0.1083184518902148 0.009104971015529192 134.91300781249785 0.4352158720258057 0.6597089297757047 0.6597089297757047 0.7024016717040912 0.8889182968698123 0.8889182968698123 0.8334958311621876 0.10209188206961513 0.003950691056394084 0.02109008356496783 -8.880102103189827E-5 0.006524596445055152 -1.708057281436396E-4
1.6167223011363572 0.00753194208127518 210.90800781249072 0.46758000847586373 0.6837982220478961 0.6837982220478961 -0.6856726392312844 -0.8818044239236998 -0.8818044239236998 3.471480718983936 0.21465629558202706 1.7373166384754517 0.2650009102886105 -0.0014635524548329282 -0.006903797956257035 0.1798026761136653
0.702892109891077 0.024390427488749648 169.39692708333092 0.8787240222847656 0.9374028068470702 0.9374028068470702 0.6996473635046742 0.8877548779579638 0.8877548779579638 0.9719568584657767 0.09424523401044513 0.4032190414059232 0.029615057162663334 -0.002590734494113879 -0.006293605804039172 -0.0019394018107293978
0.702627452541877 0.06773673594736113 194.49838541666853 0.872498112872334 0.9340760744566441 0.9340760744566441 0.769116947983313 0.9162151325578477 0.9162151325578477 0.5158932455044208 0.0708993301975453 0.0033158746989102902 0.007423627413513535 2.7195421343956737E-5 0.00194448840236857 2.483933998476532E-5
0.4347524078249916 0.031117474130253373 193.1734114583312 0.7774156092915837 0.8817117495483338 0.8817117495483338 0.8584666242657507 0.9504030143311993 0.9504030143311993 0.4941919445896217 0.016755627606129867 0.003917598663508615 0.004674049914468782 -1.988381967904879E-5 5.908455361380957E-4 -2.1611451151169852E-6
0.7700950317576836 0.24185391794724495 205.52205729166582 0.7738822611075115 0.8797057809901624 0.8797057809901624 0.5137187688980094 0.8008941922871874 0.8008941922871874 1.1624177697042857 0.019681792788116687 0.037766706892234686 0.0012477691462468115 8.497753291538525E-6 -7.140993449512796E-5 1.075667956989458E-6
0.18379909394677998 0.009581628191603965 132.6109374999991 0.5827486266771191 0.7633797394987105 0.7633797394987105 0.8566115687156914 0.9497179471873798 0.9497179471873798 0.8374231600338498 0.05971268100248423 0.009710463171944034 0.0014402318009385587 5.428428224596583E-7 -3.3435295084760736E-4 5.358601865468555E-6
0.39075932170316313 0.008577144951535769 168.39203125000193 0.7997905580035555 0.8943101017004982 0.8943101017004982 0.9535253833250232 0.9842620782619669 0.9842620782619669 0.7001740385276284 0.13725061652720744 0.01339831604595365 0.0024944409510641403 -3.683560498846936E-7 9.115219506504709E-4 1.4415948445301614E-5
1.0622902029228165 0.0297650350726775 115.23197916666005 0.9254053244284435 0.9619798981415586 0.9619798981415586 -0.5722970487950804 -0.8302467204777118 -0.8302467204777118 1.8059972813512124 0.023732368296784555 0.2635221316263792 0.41120483316564604 0.07118862349937519 -0.013609872351353537 0.11513025253885699
0.3077677581392801 0.10526644656617816 162.55617187500127 0.6882024312298483 0.8295796714179104 0.8295796714179104 0.8672047558613875 0.9536167783768756 0.9536167783768756 0.7058120140841351 0.07121908301062747 0.015548842831831031 0.002940649752978275 1.1818812120863987E-5 6.516416600687319E-4 -1.5990865187436083E-5
0.818056743174155 0.13539395278021513 162.63151041666768 1.0240353952412644 1.0119463400997428 1.0119463400997428 0.8311214713214597 0.9402027144373268 0.9402027144373268 0.7068847575213197 0.03182879264626782 7.840988751274966E-4 0.03878353140197226 -1.120162063681486E-4 0.0059199885241197105 1.8219256524195819E-4
0.45441586148019686 0.1169452253151675 191.7361328124988 0.7348883270783476 0.8572562785295583 0.8572562785295583 0.7644928431117041 0.9143752762748583 0.9143752762748583 0.6580479735960869 0.031705983027672587 7.654908623450925E-4 0.025196864439605473 -3.2393066304712405E-5 0.003749222018637959 -1.0581244476782031E-4
0.6986310218062259 0.06481224753231063 196.41717447916545 0.8780499977912759 0.9370432208768579 0.9370432208768579 0.7801835052216789 0.9205885904406653 0.9205885904406653 0.5180872891556779 0.07174549301415327 0.0029692145529131905 0.007075017917703186 2.352993420658895E-5 0.0018608910953535434 2.231318799632029E-5
0.8800771887829711 0.1624428430451858 175.59834635416652 0.886773690269048 0.9416866199904552 0.9416866199904552 0.5234670753281214 0.8059283942240816 0.8059283942240816 0.4425332761997801 0.006877185685481235 7.259199351243643E-4 0.002192931902080737 2.3802275731417358E-6 -1.6436603647347893E-4 -1.4106207806166265E-6
0.4251689641510843 0.11195619278507715 200.12074218749666 0.6711874997166868 0.8192603369605335 0.8192603369605335 0.7548984705992707 0.9105340304642218 0.9105340304642218 0.5024548970011526 0.05512767348268688 0.004421164077038251 0.002293457500630556 -2.1325974424997096E-6 1.5275318257587919E-4 6.9847397176959E-6
0.3443843999697023 0.007261642783699225 168.64902343750109 0.7571253134621194 0.870129480860245 0.870129480860245 0.9349645178603179 0.9778337957270248 0.9778337957270248 0.7123693383159171 0.13376579973235422 0.014502393857596007 0.0029583966124497618 -5.716003991474121E-6 0.0010549261747007728 1.851557142381194E-5
0.1899134880721271 0.030488888975051514 200.45204427083797 0.4132108180790734 0.6428147618708467 0.6428147618708467 0.578734761645946 0.8333482408789261 0.8333482408789261 0.5983260744494151 0.0802833752826077 3.2093670094439743E-4 1.2074674172221399E-4 1.875082953345653E-8 -4.1935535276403176E-6 1.4608310844793624E-8
0.1678313176490488 0.14130717591341804 185.18309895833372 0.39411034046350596 0.6277820803937509 0.6277820803937509 0.6365278078315657 0.8602125884360207 0.8602125884360207 0.6719079946522362 0.03194692957078019 0.023860307655846215 0.01826437578800978 3.7716248169602053E-4 6.909558248227454E-4 -5.589038235824585E-5
0.7941688236893404 0.12146996872434493 170.00557291667363 1.0313334293342513 1.0155458775132964 1.0155458775132964 0.8409428596098184 0.9438916897041367 0.9438916897041367 1.1533416956007905 0.48712883699243564 0.006487254658459379 0.018289291072855766 1.6232157755336686E-4 0.011451176142049178 1.1549461531520244E-4
0.2349748487969925 0.007147050021455445 164.24667968749992 0.6483025535334557 0.8051723750436646 0.8051723750436646 0.8846817198257725 0.9599803670123235 0.9599803670123235 0.7153690449438826 0.0391517990436905 0.015195267888565154 5.101851051294727E-4 3.137420078038337E-7 -9.971930968026486E-5 1.3854345877431246E-6
0.47086954033906125 0.21413345642386855 186.43670572916702 0.7534758251531328 0.8680298526854551 0.8680298526854551 0.7804933489181011 0.9207104424656856 0.9207104424656856 0.5740551410213306 0.019929072519849936 0.014513832307565727 0.011212990335206091 1.0794392872313795E-4 5.36742485450973E-4 9.386176631053661E-5
0.13301411066656554 0.020355422497092858 154.4432421875001 0.5002653765327205 0.7072944058401145 0.7072944058401145 0.7997999347907513 0.9282403752340335 0.9282403752340335 0.937013810749629 0.1445913683126992 0.20916758683745948 0.018955097140141687 0.001047986830244645 0.006758696945565642 5.711885192538198E-4
0.3206156442713173 0.0678524562282228 153.90680989583672 0.6779893664170483 0.8234010969248513 0.8234010969248513 0.8499607713786433 0.9472536644021151 0.9472536644021151 0.6448509554685726 0.04921900432346865 0.013089426628702674 4.7538492527506455E-5 3.691893382456121E-8 -6.515848118790619E-6 -6.574487491816598E-9
0.6499982278518478 0.32779093856920555 129.52305989583292 0.8115696796137525 0.9008716221603122 0.9008716221603122 0.9570401213497393 0.9854699403582029 0.9854699403582029 0.3424422670133498 0.006296672494856308 0.0013855304639066714 5.0794619624266144E-5 1.151130482019068E-8 1.8397127106453778E-6 -7.005024271438949E-9
0.6857625804040193 0.10186567186739579 192.57109375000164 0.960879244480164 0.9802444819942442 0.9802444819942442 0.8865510118957745 0.9606560229163672 0.9606560229163672 0.3531094753173699 0.020896964219812894 0.002152649261880693 4.369612427767778E-5 -1.1594038598485075E-8 -5.956386440291599E-6 6.721345786457204E-9
1.0804390956523353 0.26920370477778865 109.0247526041719 1.081562721780421 1.0399820776246198 1.0399820776246198 0.5545281668471862 0.8215636270560603 0.8215636270560603 0.5766300264906954 0.010934225480483579 0.01512591672964369 3.065131314613362E-4 5.722407535742133E-7 4.1188107287793756E-7 -3.288184191843439E-7
0.675530551678613 0.0650603049119252 177.13979166666613 0.871370479504626 0.9334722703458448 0.9334722703458448 0.7420227372212732 0.9053275524321245 0.9053275524321245 0.5500381275377728 0.04560351015915255 0.016784308294761175 0.0014031309402306952 -9.940177570711237E-7 1.6632061721040027E-4 -6.736301665583931E-6
0.7614952568858295 0.07216431350754926 162.26096354166538 0.8997375264247519 0.9485449522425133 0.9485449522425133 0.7059787086474423 0.8904247052017418 0.8904247052017418 0.7104954047245347 0.12362394072075814 0.00906937029981752 0.005772968302843445 3.958133495374861E-5 0.0010388733210296818 -1.3350447142700818E-5
0.6921331681146456 0.20244248756922167 192.12322916666668 0.8634413466301403 0.9292154468314333 0.9292154468314333 0.7111935561757969 0.8926117600950225 0.8926117600950225 0.42048380798694984 0.03521065487980545 7.538782993679341E-4 0.0015828719233774763 -3.6730516381431826E-7 2.5406490874213994E-4 -1.6896337925003793E-6
0.8287215371922383 0.09316485098075361 185.31253906250106 0.9381036947456847 0.9685575330075569 0.9685575330075569 0.6917616426547606 0.8844069750738847 0.8844069750738847 0.5221274287523356 0.040659853666000584 9.483357415635975E-4 0.0013124996146281933 -7.072050849998368E-7 -2.553716091969316E-4 -1.2821985903919265E-6
0.8800771887829711 0.1624428430451858 175.59834635416652 0.886773690269048 0.9416866199904552 0.9416866199904552 0.5234670753281214 0.8059283942240816 0.8059283942240816 0.4425332761997801 0.006877185685481235 7.259199351243643E-4 0.002192931902080737 2.3802275731417358E-6 -1.6436603647347893E-4 -1.4106207806166265E-6
1.170806835448381 0.23062199033652075 156.0546614583415 1.068469635997671 1.0336680492293795 1.0336680492293795 -0.41191673921722466 -0.744051757692287 -0.744051757692287 0.39330464268561616 0.011546631181753704 0.002542336128872561 1.7081367664832737E-5 2.403266599896712E-9 -4.279404413209963E-7 -2.6258366100305694E-9
0.14884946766913262 0.001754914133966974 236.95683593749973 0.4848244868849459 0.696293391383938 0.696293391383938 0.75412029534402 0.9102210529860905 0.9102210529860905 0.9197721177365007 0.4516125764178419 0.010187727576934268 0.012633156243409273 1.3972247975660388E-4 0.007675170181112921 -3.190954711352156E-5
0.2496454203018018 0.18340506207439625 188.50871093749942 0.5015357202607258 0.7081918668416955 0.7081918668416955 0.7460021416581059 0.9069430659727352 0.9069430659727352 0.5622197945358847 0.04142474637178166 0.008460573594722083 0.009108312862947788 7.931516759018347E-5 4.896577111504653E-4 1.011115903720412E-5
0.4347524078249916 0.031117474130253373 193.1734114583312 0.7774156092915837 0.8817117495483338 0.8817117495483338 0.8584666242657507 0.9504030143311993 0.9504030143311993 0.4941919445896217 0.016755627606129867 0.003917598663508615 0.004674049914468782 -1.988381967904879E-5 5.908455361380957E-4 -2.1611451151169852E-6
0.5372703949593628 0.11608344443305288 170.32572916666766 0.9456122445806309 0.9724259584053846 0.9724259584053846 1.0525019794608517 1.0172030189177912 1.0172030189177912 0.4767408817719301 0.04269411940166325 0.0020626203068723477 0.003132239169379108 7.94447675501862E-6 6.118685519633367E-4 -5.195483709689316E-7
0.5872461050087228 0.20000432648294914 181.3072135416666 0.8028864953319222 0.8960393380493528 0.8960393380493528 0.722728550833679 0.8974117203108386 0.8974117203108386 0.40919963491423017 0.02386686425379162 3.588319124218485E-4 4.3953618047942516E-4 1.2227843674874478E-7 6.786594649977569E-5 1.2457190279741744E-7
0.3089847136161513 0.31995959731129786 155.32368489583354 0.5877781569831584 0.7666669139744837 0.7666669139744837 0.8440268069442323 0.9450441109068923 0.9450441109068923 0.8519187277641562 0.03399916472147801 0.004087772191361887 0.020014971966908657 1.1892477844635558E-4 -0.003663201609706541 -1.365011794195366E-4
0.604842567657808 0.03037549901686568 193.44122395833526 1.0608853938602962 1.029992909616516 1.029992909616516 1.1503151539974885 1.0477852498074351 1.0477852498074351 0.6941923762944766 0.09909848994769424 0.02888828925853403 8.430240732634342E-4 2.0457728199490713E-6 1.938043217564427E-4 3.6225141819029686E-6
0.5464696828610117 0.0953581881024486 189.96548177083335 0.7410017462542815 0.8608145829702709 0.8608145829702709 0.8022875322107572 0.9292017400387363 0.9292017400387363 0.7116960307352179 0.05812100550699497 0.001072315782687766 0.0021402341831221546 3.2397068700723826E-6 -1.6236335438253677E-4 -1.2966643380643032E-7
0.10994766309292489 0.024039113505617674 242.34308593749995 0.4063402710458616 0.6374482497002103 0.6374482497002103 0.6706873086414528 0.875333123180613 0.875333123180613 1.317979179200347 1.181385828537927 0.020356131478000878 0.0448493020161299 0.0011556748542803131 0.04351274583389962 -7.076684329805415E-4
0.21853091648084186 0.11586304790071365 168.19244791666787 0.5466813322720769 0.7393790180090837 0.7393790180090837 0.7726266292762081 0.9176066609591034 0.9176066609591034 0.44213472437861234 0.03506837581394818 9.09960399859548E-4 0.0011446649092026321 9.671766263004794E-7 1.8431357862796737E-4 6.552354598347648E-7
1.046262726771844 0.17821362476143918 165.75102864584136 1.0743252281669828 1.0364966127137043 1.0364966127137043 0.8382198115486778 0.9428717862096698 0.9428717862096698 0.48943377452950365 0.014051207284459702 6.464026075053694E-4 0.003170568775623053 3.922499011306985E-6 3.7124012863914676E-4 -2.283911258614325E-6
0.5945650319027227 0.13826233773986643 173.02167968750007 0.7995125398659232 0.8941546509781869 0.8941546509781869 0.7014070282694101 0.8884985112247873 0.8884985112247873 0.4343022646522686 0.010334362087038149 0.0014797554431187042 0.0016093544209948812 2.281425893594102E-6 -1.4515120826324014E-4 -9.813793628556792E-7
0.6963612191980364 0.06255492352165085 191.01692708333184 0.869806816965864 0.9326343425833428 0.9326343425833428 0.7612799797666758 0.9130925575451846 0.9130925575451846 0.5586187948725252 0.07632918746498057 0.004386331115620205 0.016820133670855306 1.4219638620058684E-4 0.004556325584726147 2.5562114947035628E-5
0.6685737777154241 0.19396677335192358 193.29466145833646 0.7602692374975871 0.8719341933297415 0.8719341933297415 0.6419611370427063 0.8626532162921274 0.8626532162921274 0.6877682506304372 0.08328956849134497 0.01269527078282032 0.0050705881426422504 2.7582914017367792E-5 -0.0014510733881160777 -2.9904099792336948E-5
0.09549154771018044 0.013767032075171659 203.6342968749998 0.38977426049329683 0.6243190374266164 0.6243190374266164 0.631594462218108 0.8579844914987375 0.8579844914987375 0.5022963364616727 0.011898246293907172 0.011095466039420479 0.0019337225729722067 4.038884878089044E-6 -2.1066180919776886E-4 -7.994735381180387E-6
1.1530831589705353 0.3418177655299863 154.3237369791705 0.8450279934638738 0.9192540418534334 0.9192540418534334 -0.664476347393206 -0.872622705005015 -0.872622705005015 1.413212760470795 0.05050814384431174 0.07117021359466694 0.19334529241691842 -0.02259935195705628 -0.04345245231569668 0.001914956893014375
0.4347524078249916 0.031117474130253373 193.1734114583312 0.7774156092915837 0.8817117495483338 0.8817117495483338 0.8584666242657507 0.9504030143311993 0.9504030143311993 0.4941919445896217 0.016755627606129867 0.003917598663508615 0.004674049914468782 -1.988381967904879E-5 5.908455361380957E-4 -2.1611451151169852E-6
0.6238357915409765 0.14964767994577072 176.92654947916782 0.8074008547504044 0.8985548701945832 0.8985548701945832 0.7275798282418952 0.8994151872534335 0.8994151872534335 0.6765236710376815 0.09518349180959562 0.02739856412902785 0.0130670376838155 1.6592623914232855E-4 0.0031623859755383933 1.8330074793826843E-4
0.808102497690972 0.1588669727134386 130.59493489583252 0.8285678456665345 0.91025702176173 0.91025702176173 0.5944947885137445 0.8408451379344363 0.8408451379344363 0.37364704360630197 0.01386571001379762 5.4272993488650124E-5 8.890823413005487E-5 -4.851192925568487E-9 1.0336685366287581E-5 -3.822103829673694E-9
0.5872461050087228 0.20000432648294914 181.3072135416666 0.8028864953319222 0.8960393380493528 0.8960393380493528 0.722728550833679 0.8974117203108386 0.8974117203108386 0.40919963491423017 0.02386686425379162 3.588319124218485E-4 4.3953618047942516E-4 1.2227843674874478E-7 6.786594649977569E-5 1.2457190279741744E-7
0.8878768711616317 0.15730470137810065 188.5207421874993 1.2285660873396471 1.10840700437143 1.10840700437143 1.1264242659459072 1.0404806290377069 1.0404806290377069 0.4070333719778044 0.029070460443850425 4.601229559857236E-4 7.278730853049097E-4 -4.1945359029258383E-7 1.1074268784949328E-4 3.865664476743322E-8
1.0785355550111073 0.32611962166529784 149.59871093750226 0.8404642017667203 0.9167683468394403 0.9167683468394403 -0.6086809555105416 -0.847480871592489 -0.847480871592489 0.37792291342798556 0.0021430296343390317 0.0022093671311913176 0.0013654182779609346 -1.9767288162438472E-6 -5.529139158331884E-5 1.3102665659143002E-6
0.22717583644756448 0.017690734504241506 198.2403645833338 0.5977807755047085 0.7731628389315595 0.7731628389315595 0.8116353702565451 0.932796672731746 0.932796672731746 0.6883831595965068 0.017863953465388376 1.6485639340704748E-4 0.0033574759274960114 -1.0035282762590814E-6 -1.1404815019083274E-4 2.2874342082360646E-6
1.0942964650194924 0.11414197063010446 175.35670572916476 0.9022464230419052 0.9498665290670606 0.9498665290670606 0.5782315550363899 0.8331066403109428 0.8331066403109428 0.5034207409209763 0.06913577473519174 0.0010892174881891353 0.0015274037981149414 1.96815949716413E-6 -2.1982489984751226E-5 -8.740243237847818E-8
0.6447895188897452 0.07606154663134174 192.00128906249063 0.8562090795531508 0.9253156648156081 0.9253156648156081 0.7732725374234588 0.9178622930723951 0.9178622930723951 0.3829910241413563 0.024810181362046047 0.004208131958586109 0.0030919827242866468 1.0420345482934628E-5 3.750638742795635E-4 3.976268738802445E-6
0.5902594725561962 0.014914725891142027 174.09143229167017 0.7201787492498236 0.8486334598929173 0.8486334598929173 0.5657817622032675 0.8270840543750723 0.8270840543750723 0.8895836913981297 0.20022065663971372 0.03320418086564818 0.024453214628642247 -1.473072842254672E-4 -0.01086226517089088 -6.810384173608381E-4
0.6662890495034817 0.25218366138251425 164.31990885416778 0.7484429998930008 0.8651260023216276 0.8651260023216276 0.770951556657442 0.9169430502461794 0.9169430502461794 0.4532559516398727 0.02393181085062968 8.333218417702739E-4 0.0016444812574066036 1.6727157240425316E-6 2.5241788641849373E-4 9.528756752834947E-7
1.076661949990042 0.07879104951893401 151.37259114583892 0.9273682791661357 0.9629996257352003 0.9629996257352003 -0.3726322617894248 -0.719603859882514 -0.719603859882514 0.39905526825834625 0.016973428420292428 3.3458895474651445E-5 2.0719170971463457E-5 5.206426342891125E-10 2.542729387987891E-6 1.6287530948000292E-10
1.048982439219966 0.34427340508965343 141.01998697916923 0.7909497879426916 0.8893535786978605 0.8893535786978605 -0.5559089838143272 -0.822244980297388 -0.822244980297388 0.7548332240933218 0.004182694555600275 0.0077125092597392295 0.0029446380937417876 -1.3787659803147198E-5 -1.1350539867667611E-4 2.6117398709183043E-6
1.3128913167289733 0.07268083818437046 121.29091145832598 0.9888379902559608 0.9944033337916566 0.9944033337916566 -0.7701262787919034 -0.9166157478034852 -0.9166157478034852 0.8141260947169884 0.024179192064995577 0.006686639419429428 0.036149335861203356 -2.5605044192748247E-4 -0.00407071017064911 -5.003084341063072E-4
0.6464937685554843 0.10601165890749213 171.36679687499765 1.0204023416276078 1.0101496629844549 1.0101496629844549 1.0503305705681554 1.0165030093441938 1.0165030093441938 0.37364673781544955 0.020886715870427702 1.0003445764423129E-4 8.212762802742222E-4 1.894356472507528E-7 1.157428513205731E-4 1.3974217478962646E-7
0.8437467535982696 0.22917070440098494 127.82069010416761 0.9941263542498108 0.9970588519489764 0.9970588519489764 0.7728057022960494 0.9176775472476895 0.9176775472476895 0.40940171927414004 0.01092556617301059 8.313022310202393E-5 6.569586385813052E-5 4.7226974899468495E-9 3.3096611107471856E-6 1.1255479572650317E-9
0.673826873480168 0.15812091626562444 177.88890624999988 1.1365654885599519 1.0660982546463305 1.0660982546463305 1.2248135841258245 1.0699332022602561 1.0699332022602561 0.3581577154035381 0.01570985174770104 9.559501929221402E-4 0.0011545477390253124 8.829893602774754E-7 1.0918478669112299E-4 -8.315811421040266E-7
1.14302506484417 0.27319923939416046 147.17941406250347 0.797467896661778 0.8930105803750469 0.8930105803750469 -0.6894474449681182 -0.8834196508211482 -0.8834196508211482 0.9016144903428419 0.008000152475974829 0.034201474528267994 0.01138932956941771 -2.242656982575303E-4 -9.360894640685726E-4 1.5288379729780877E-5
0.5046284984917349 0.08080238756475128 190.30296874999954 0.769893132034326 0.8774355429513475 0.8774355429513475 0.7674301078186047 0.9155448228187595 0.9155448228187595 0.5172895071308642 0.014473638532042258 0.011553526663893778 0.0034740122390745113 1.2803760529238947E-5 -2.0005929460854157E-4 1.7901639614204198E-5
0.6605439819332798 0.01612686416680868 195.99747395833506 0.9390175823662267 0.9690291958275699 0.9690291958275699 0.8603076596086207 0.9510819287969974 0.9510819287969974 0.6489254376615885 0.0523020123149183 0.006291980726654031 0.0036924252906481206 1.7519760086489055E-5 6.020861692348765E-4 -3.1324619082007963E-6
0.7894221501911578 0.1160170741764986 161.17574218749317 1.0055563766554887 1.002774339846951 1.002774339846951 0.841747368020412 0.944192592738867 0.944192592738867 0.5821137716113133 0.10901071049234237 2.687184138441182E-4 0.004739056219561363 5.30730346937788E-6 0.001559969725211253 6.580192404837974E-7
0.7423891195109931 0.03779636171692757 183.31093749999832 0.8871571837108903 0.9418902185026078 0.9418902185026078 0.801526032275789 0.9289076596641251 0.9289076596641251 0.32730612677048293 0.009027472026612242 3.95335658752753E-5 4.1110140585865206E-4 -4.0852531841307006E-8 1.559483475701933E-5 3.282957599867456E-8
0.5233151757003422 0.059098303892383935 212.66036458333357 1.0166678133898184 1.0082994661259215 1.0082994661259215 1.1777959512696943 1.0560634668502629 1.0560634668502629 0.435912845576814 0.00516837240703309 0.006699844815936135 9.03680521060282E-4 1.379453130355122E-6 5.485310459921385E-5 -1.7439789239537015E-6
0.9275050622460798 0.30310266781179496 161.72799479166576 1.0433060179076872 1.0214235252370523 1.0214235252370523 0.7625207352592418 0.9135883495892887 0.9135883495892887 0.3925411497518745 0.019272607505575995 9.317674635140346E-4 9.295263679557759E-5 1.3201139774541186E-8 -1.625093454722911E-6 2.3959530327765867E-8
1.1138750401333994 0.23652718325643696 153.40985677083597 1.0620230255473093 1.0305450138384589 1.0305450138384589 0.35515813726564865 0.7081749977486668 0.7081749977486668 0.4380550111343663 0.005139147044718514 0.0018090665981400512 6.666862294608365E-5 -1.5057057560825847E-8 2.2041628549365137E-6 1.7588403536806953E-8
1.2030696665772522 0.05270946126299136 137.34626302083416 0.8271380053321459 0.9094712779038961 0.9094712779038961 -0.7490943815510058 -0.9081944562529525 -0.9081944562529525 0.78900906541224 0.07109566081847903 0.011831334915835195 0.0042373118219737 2.9575468026914632E-5 -0.001081803008097777 5.041948810004871E-6
0.5431980298802146 0.13359896273579838 177.1700781250005 0.7992540209790784 0.8940100787905461 0.8940100787905461 0.7750815297582657 0.9185774841031521 0.9185774841031521 0.6154428030933261 0.09576238409959971 0.009730195543251427 0.003677942957185474 5.512508059621413E-6 0.0011001451198143994 2.1300560438239225E-5
0.6919893922576756 0.04617548925478218 157.6931119791676 0.7794546748311892 0.8828673030706196 0.8828673030706196 0.553637932935182 0.8211237482664545 0.8211237482664545 0.701840943151665 0.08589256775437405 0.012372558850673244 0.002787056110416621 1.3470809152118045E-5 1.8918083200324844E-4 9.294643259385319E-6
0.12925935160958155 0.03174981756777672 132.72979166666727 0.4792260464197675 0.692261544807862 0.692261544807862 0.7661108612603694 0.9150199011309945 0.9150199011309945 0.8530182536701894 0.15334456558660725 0.008868256597205217 0.004882090263374787 2.5107656298882453E-5 7.116131388649208E-5 -2.0038674828809373E-5
0.6855591938731393 0.0661667256962222 197.45736979166418 0.8737485516354803 0.9347451800546929 0.9347451800546929 0.7900549212516237 0.9244549684241125 0.9244549684241125 0.5622856157585735 0.08475217320615655 0.0024211934843547706 0.010447007762000957 2.9148382691989114E-5 0.0029623317703339823 4.3714791613330654E-5
1.469098501715458 0.044797415656568786 107.45329427084057 0.8384701834156486 0.9156801752881016 0.9156801752881016 -0.8740621265424355 -0.956123738288065 -0.956123738288065 1.313899022750621 0.07783633443423875 0.0689389191566116 0.0686803040356521 0.004718482672952048 -0.018962605490499232 -2.638992582502668E-4
